
# Country 2001 2002 2003 2004 2005 2006 2007 2008 2009 2010
Bulgaria 112368 112617 111927 110110 113374 113438 113004 110523 108068 110165 
CzechRepublic 107755 108243 111288 107177 107938 104440 104636 104948 107421 106844 
Germany 828541 841686 853946 818271 830226 821627 827155 844439 854544 858768 
Estonia 18516 18355 18152 17685 17316 17316 17409 16675 16099 15780 
Ireland 30212 29683 29074 28665 28260 28482 28117 28274 28380 27565 
Greece 102559 103915 105529 104942 104506 104968 109353 107979 108316 109084 
Spain 360131 368618 384828 371934 387355 371478 385361 386324 384933 382047 
France 541183 545349 562587 519441 538186 526566 530820 543139 547779 552571 
Croatia 49552 50569 52575 49756 51790 50378 52367 52151 52414 52096 
Latvia 32991 32498 32437 32041 32809 33119 33057 31031 29920 30074 
Lithuania 40399 41072 40990 41340 43799 44813 45624 43832 42032 42120 
Hungary 132183 132833 135823 132492 135732 131603 132938 130027 130414 130456 
Netherlands 140377 142355 141936 136553 136402 135372 133022 135136 134235 136058 
Austria 74767 76131 77209 74292 75189 74295 74625 75083 77381 77199 
Poland 363220 359486 365230 363522 368285 369686 377226 379399 384940 378478 
Portugal 105582 106690 109148 102371 107839 102362 103888 104768 104964 106242 
Romania 259603 269666 266573 258890 262101 258094 251965 253202 257213 259723 
Slovenia 18508 18701 19451 18523 18825 18180 18584 18308 18750 18609 
Slovakia 51980 51532 52230 51852 53475 53301 53856 53164 52913 53445 
Finland 48504 49389 49033 47757 47751 48106 49093 49090 49904 50910 
Sweden 93808 95071 93003 91085 91775 91271 91820 91542 90177 90519 
UnitedKingdom 604393 608045 612085 584791 582952 572224 574687 579697 559617 561666 
Norway 43977 44401 42550 41257 41152 41242 41963 41716 41342 41442 
Switzerland 61228 61768 63070 60180 61124 60283 61089 61233 62431 62649 
Macedonia 16919 17962 18006 17949 18406 18630 19594 18982 19060 19113 


































