# Country 2001 2002 2003 2004 2005 2006 2007 2008 2009 2010
Bulgaria 65 41 34 41 58 51 36 38 36 33 
CzechRepublic 17 14 17 18 24 17 26 41 35 29 
Germany 1170 1227 1243 1156 1064 1058 950 952 1115 1107 
Estonia 3 1 6 4 2 9 7 6 15 2 
Ireland 14 14 9 13 13 18 11 20 21 27 
Greece 61 79 88 89 98 93 75 92 81 75 
Spain 924 962 1046 1114 1067 1010 995 908 1067 934 
France 910 877 735 741 785 742 725 821 686 665 
Croatia 15 18 19 40 42 41 53 30 31 44 
Latvia 5 10 15 14 14 20 31 43 48 34 
Lithuania 12 16 21 11 15 9 14 11 10 25 
Hungary 18 21 5 2 3 4 2 5 33 30 
Netherlands 71 58 55 53 45 59 40 59 46 55 
Austria 50 236 323 302 336 252 232 277 294 280 
Poland 230 219 250 222 228 244 234 260 222 242 
Portugal 78 102 141 90 106 94 137 91 118 116 
Romania 58 49 65 57 67 49 51 49 50 46 
Slovenia 7 8 10 3 16 10 11 12 4 8 
Slovakia 11 15 20 14 14 15 17 10 9 20 
Finland 21 13 11 16 12 6 16 11 17 4 
Sweden 37 57 51 48 67 58 69 62 77 55 
UnitedKingdom 205 189 232 218 221 231 249 244 282 253 
Norway 15 10 13 17 14 8 14 24 20 14 
Switzerland 93 94 105 92 75 74 73 78 70 83 
Macedonia 10 8 4 9 2 7 10 5 7 1 
